Gender:
Unknown	-0,2565	256460
Male	-0,2571	28028
Female	-0,2594	56366

Topic:
0	-0,1559	3278
1	-0,1948	519
2	-0,2993	2396
3	-0,3095	1460
4	-0,0034	4467
5	-0,0572	2797
6	-0,2347	21
7	-0,2752	2855
8	-0,373	2626
9	-0,4893	1587
10	-0,2978	1868
11	-0,411	324
12	-0,1644	5929
13	-0,7042	633
14	-0,5728	2093
15	-0,1129	269
16	-0,0652	1312
17	-0,2966	590
18	-0,1235	4026
19	-0,1403	7370
20	-0,2559	1361
21	-0,2214	85
22	-0,1469	4389
23	-0,1531	2043
24	-0,2938	155
25	-0,2155	850
26	-0,2757	5207
27	-0,2151	3974
28	-0,1583	4150
29	-0,041	2777
30	-0,3273	3117
31	-0,26	1566
32	-0,0986	3249
33	0,1509	3107
34	-0,6472	2839
35	-0,0662	3372
36	-0,3179	1247
37	-0,3181	5067
38	-0,3593	337
39	-0,2514	1673
40	-0,2842	2630
41	-0,4577	966
42	0,0285	1602
43	-0,1501	5844
44	0,0959	165
45	-0,3539	6869
46	-0,511	3383
47	-0,121	827
48	-0,1776	3460
49	-0,2455	2469
50	-0,0391	73
51	-0,2963	3491
52	-0,3062	3294
53	-0,0533	6018
54	-0,1342	3884
55	-0,5173	5334
56	-0,3357	780
57	-0,1686	2276
58	-0,3892	1696
59	-0,3664	2421
60	-0,2264	1579
61	-0,5909	129
62	-0,083	971
63	-0,6175	3545
64	-0,4525	1583
65	-0,1692	66
66	-0,3949	387
67	-0,4966	7336
68	-0,3816	7662
69	-0,1921	2679
70	-0,3102	4450
71	-0,4391	1759
72	0,1383	3717
73	-0,3557	3748
74	-0,3478	1357
75	-0,3701	3534
76	-0,055	1851
77	-0,0067	3896
78	-0,1722	1819
79	-0,253	2199
80	-0,4491	5645
81	-0,298	1512
82	-0,5679	3270
83	-0,3017	276
84	-0,2204	1341
85	-0,3131	2858
86	-0,2451	7147
87	0,0787	697
88	-0,162	4878
89	-0,2745	359
90	0,0272	2992
91	-0,2616	1795
92	-0,0855	969
93	-0,1384	3593
94	-0,0828	2662
95	-0,1325	4092
96	-0,2997	2113
97	-0,2664	2528
98	-0,1938	5135
99	-0,1215	1132
-1	-0,2963	77126

Category:
kidhealth	-0,1732	39180
illness	-0,2772	259132
treatment	-0,1988	40217
doctor	-0,4273	2325

Geo:
черкесск	-0,4889	30
донецк	-0,1779	224
шахтерск	-1,0	2
кувшиново	0,6667	1
уральск	-0,3069	44
мосальск	-0,3333	1
малоярославец	-0,2639	84
бирюсинск	0,3333	2
талды-курган	-1,0	3
подпорожье	-0,4397	17
черняховск	-0,6	5
фастов	-0,6667	2
артем	0,4111	6
первоуральск	0,8333	2
солигорск	-0,3375	13
луза	-0,5	4
чадан	0,25	2
алма-ата	-0,3337	193
харьковская обл,	0,12	10
кыштым	1,0	1
хасавюрт	0,2	1
агрыз	-1,0	1
шелехов	1,0	1
воронеж	-0,2289	515
марий-эл	-1,0	3
мытищи	-0,3726	42
французская полинезия	-0,1	5
старая русса	-1,0	2
каменск-уральский	-0,0995	99
щекино	-0,3753	17
тверь	-0,2913	120
бобруйск	0,2	4
губкин	-0,337	21
чикаго	-1,0	6
черепаново	-0,5143	7
бухарская область	-1,0	1
латвия	-0,1005	37
тимашевск	-0,125	6
армянск	0,1111	3
корсаков	-0,5152	7
нассау	1,0	1
токио	0,4343	3
светлоград	-1,0	1
эртиль	-0,4	5
балаково	-0,2245	7
конотоп	-0,7143	7
жамбылская область	0,7	1
рассказово	0,3258	8
тульская обл,	0,1356	22
уманак	1,0	1
эстония	-0,4561	11
щелково	-0,4038	26
каир	-0,0686	7
херсон	-0,1288	151
бронницы	-0,2	1
кемеровская обл,	0,0226	18
малабо	0,5333	3
серафимович	-0,6667	2
берн	0,3333	3
вельск	-0,1439	23
паланга	-1,0	1
караганда	-0,0381	60
пинск	-0,0381	7
калач	0,147	5
радужный	-0,2513	13
богородицк	-1,0	1
зимбабве	1,0	1
новомосковск	0,1586	9
вышний волочек	-1,1	2
сосновый бор	-0,4162	40
ульяновск	-0,1526	151
бузулук	-0,0667	3
сибирский фо	-0,2068	46
мельбурн	-0,3333	1
пермский край,	-0,2276	34
сургут	-0,1606	245
грязи	0,0	2
чусовой	-0,53	10
барнаул	-0,2931	208
вологодская обл,	-0,1902	29
навашино	-0,1238	34
кстово	-1,0	3
тында	0,0	4
кохма	-0,225	2
ильиногорск	1,0	1
лиски	-0,4458	4
благовещенск	-0,3222	139
аксай	-0,537	18
ивановская обл,	-0,0556	6
якутск	-0,428	27
северо-западный фо	-0,2958	16
всеволожск	-0,3982	19
макеевка	-0,2285	23
другое	-0,2627	455
нурлат	1,0	1
красноярск	-0,3573	560
златоуст	0,0	2
липецкая обл,	-0,1614	38
уварово	1,0	2
усинск	-0,4559	3
ростов	-0,0787	18
новороссийск	-0,4089	39
ленск	1,0	3
евпатория	-0,4411	28
волоколамск	-0,7571	2
новосибирская обл,	-0,4718	140
натания	-0,2762	7
саратовская обл,	-0,0322	33
кохтла-ярве	-1,0	8
озерск	-0,0222	6
брестская обл,	0,4133	5
татарстан	-0,2139	65
пушкино	-0,2778	9
чехия	0,3333	3
гдов	-0,1353	22
кингстон	-0,3	5
кострома	-0,2215	77
кемерово	-0,2011	327
рубежное	-1,0	2
шри ланка	1,0	1
старый оскол	-0,1114	38
верхнеяркеево	1,0	1
бавлы	1,0	1
раменское	-0,5202	7
ржев	-1,0	1
цивильск	-0,1481	3
баку	-0,245	58
каховка	-0,4595	9
калининград	-0,1554	88
вольно-надеждинское	0,2083	2
мозырь	0,0303	11
североуральск	0,5	1
рио-де-жанейро	-1,0	1
тайшет	0,1111	9
менделеево	-1,0	1
албания	1,0	1
астана	-0,2113	35
кашира	-0,25	3
кирово-чепецк	0,3667	6
буй	0,5	1
асбест	-0,2271	28
хайфа	-0,1313	36
анжеро-судженск	0,0	2
уфа	-0,2842	494
нижневартовск	-0,1637	41
мирный	-0,4595	7
егорьевск	0,0093	18
луга	-0,6364	11
усть-кут	1,0	2
днепропетровск	-0,3793	105
красногорск	0,0	2
верона	-1,0	1
котлас	-0,2549	17
липецк	-0,3919	205
свободный	-0,2622	9
де-мойн	1,0	1
лыткарино	-0,3468	25
черноморское	-0,5	4
балта	-1,0	2
одинцово	0,0224	21
шарлотта	-0,014	43
лучегорск	-0,4111	6
белая глина	-1,0	1
нижнекамск	-0,0144	30
углегорск	-1,0	1
павловск	-0,0833	4
сан-франциско	-0,2627	42
ванкувер	-0,75	2
таштагол	0,1646	7
хабаровск	-0,2019	183
плесецк	0,0	2
нью-йорк	-0,0752	35
канаш	-0,2286	7
полтавская обл,	-0,0898	14
куровское	-1,0	1
белгород-днестровский	-1,0	1
оренбург	-0,3484	357
бердск	-0,44	5
сирия	-1,0	1
солнечногорск	-0,5944	25
ганновер	-0,0657	8
красноармейск	-0,25	8
катманду	1,0	1
азов	-0,3766	85
белгород	-0,2995	132
великий новгород	-0,1905	96
норильск	-0,6667	3
турция	-1,25	2
ванадзор	-1,0	1
люберцы	-0,2769	17
югорск	-0,4985	6
нефтекамск	-0,4	4
ираклион	0,0	2
жлобин	0,0167	18
луховицы	-0,1722	9
вологда	-0,0131	50
октябрьский	-0,2611	12
котельнич	-0,5602	19
алтайский край	-0,1458	8
стамбул	-1,0	1
георгиевск	0,3333	1
судак	-0,375	2
изобильный	-0,2925	24
маарду	0,0	2
осинники	0,0556	3
топки	-0,415	17
междуреченск	-0,1238	6
чистополь	0,3333	4
днепродзержинск	0,3106	12
бужумбуру	-0,1111	3
великий устюг	-0,86	4
степногорск	-1,0	1
заинск	-1,0	1
альметьевск	-0,4836	11
киев	-0,2767	914
каспийск	1,0	1
бонн	-0,0133	5
московский	-0,2823	63
забайкальский край	-0,7556	3
костромская обл,	-1,0	1
самара	-0,2099	1266
москва	-0,2259	4157
болонья	1,0	1
харьков	-0,2189	317
александровск	0,1429	1
порт-о-пренс	-0,3	5
ростовская обл,	-0,0079	20
петрозаводск	0,1063	29
северодвинск	-0,6839	29
северодонецк	-0,6505	84
черногорск	0,1176	1
жигулевск	0,0926	6
янаул	-0,5	1
кущевская	-1,0	3
набережные челны	-0,0147	26
челябинск	-0,2993	658
каменск-шахтинский	-0,4178	157
монте-карло	-2,0	1
люксембург	-0,3482	19
куйбышев	0,625	2
саратов	-0,2766	234
дрогобыч	0,6686	17
партизанск	-1,0	1
лахденпохья	0,0667	3
аахен	-0,2614	20
берлин	-0,2012	194
винницкая обл,	-0,5	4
ст, царицыно	-1,0	1
новоуральск	-0,1871	145
европа	-0,276	111
реховот	-0,387	9
тюмень	-0,1948	247
лисичанск	-0,4389	12
кабул	-0,375	8
нарва	-0,0046	19
славянск	-0,3951	42
североморск	0,0625	2
челябинская обл,	0,1007	63
невельск	-0,2095	3
ногинск	-0,1733	15
туркмения	-1,0	3
бодрум	-0,1167	6
сибай	-0,3245	12
черниговская обл,	-0,0439	16
брест	-0,1144	20
антананариву	1,0	1
ейск	-0,425	8
ставропольский край	-0,0455	11
каунас	-0,3239	37
гамбург	-0,4841	827
сатка	0,0	12
ст, аннино	0,0	2
клайпеда	-0,2415	45
ст, юго-западная	-1,0	1
курган	-0,4331	70
сидней	0,2	5
прокопьевск	-0,5555	23
рудный	-0,1463	20
хмельницкий	-0,1954	21
знаменск	0,1889	9
светогорск	-0,1417	3
коростышев	-1,0	3
прилуки	1,0	1
кольчугино	-0,25	8
питкяранта	-0,1726	11
неаполь	-0,125	2
житомир	-0,141	48
кореновск	-0,5	1
игарка	1,0	1
новокубанск	-0,3333	3
рубцовск	-0,2245	7
маршалловы острова	0,0197	11
кельн	-0,85	2
нижнеудинск	-0,2505	10
гаврилов посад	1,0	1
ашдод	0,238	8
тбилиси	-0,1325	26
магадан	-0,24	20
полевской	-0,3086	5
ишимбай	-0,5667	2
клермон-ферран	-0,3472	54
калининградская обл,	-0,387	116
мелитополь	0,3889	6
старица	1,0	1
конаково	-0,1667	7
лондон	-1,0	2
владимир-волынский	-0,0458	8
типперэри	-0,7	1
красноперекопск	1,0	2
темрюк	0,1778	1
екатеринбург	-0,2697	857
иркутская обл,	-0,2809	368
одесса	-0,3804	1284
карелия	0,2727	11
волгоград	-0,168	261
когалым	0,3333	1
полтава	-0,55	15
кардиф	-0,3083	4
бельцы	-0,1742	20
алейск	-0,6467	15
сан-паулу	-1,0	1
гродно	-0,3361	12
белореченск	-0,1865	106
сент-джонс	-0,3133	6
луцк	0,0933	5
краснознаменск	0,1295	77
гота	-0,001	7
варшава	-0,3308	3
джерси	-0,54	1
мысовое	-0,3333	2
волхов	-1,0	1
пыть-ях	-1,0	3
староконстантинов	0,0606	11
бахчисарай	1,0	1
удомля	-0,7937	6
ленинск-кузнецкий	-0,5417	6
лысьва	0,171	24
сомали	-1,0	1
херсонская обл,	0,0	4
троицк	0,08	5
такома	-1,5	2
дальнегорск	-1,0	2
уоллис и футуна острова (фр,)	-0,4071	36
советск	0,3333	3
сумская обл,	0,0949	6
коломна	-0,2194	229
тегусигальпа	0,2	5
комсомольск-на-амуре	-0,2701	103
архангельская обл,	-0,3501	37
рогачев	0,0739	11
алчевск	-0,1667	9
шепетовка	-0,2848	43
тальменка	1,0	1
домодедово	-0,078	9
красноярский край	-0,2784	21
ярцево	0,0333	3
чернобыль	-0,75	2
балашиха	-0,3389	83
коми	-0,3939	11
новгородская обл,	-0,4344	46
можга	0,0	2
артезия	-1,0	2
камчатский край	0,2	3
еврейская ао	0,55	5
ярославль	-0,2299	236
осака	-0,7273	2
уссурийск	-0,3382	17
гуляйполе	-0,3682	31
кустанай	-0,4596	77
порхов	-0,0417	4
новокузнецк	-0,179	36
сосновоборск	0,7	2
брянск	-0,3714	148
севастополь	-0,3005	65
хабаровский край	-0,2204	24
иркутск	-0,3249	549
ангилья (брит,)	1,0	1
швеция	0,1758	11
барыш	-1,0	2
валуйки	-0,3	14
лениногорск	0,2	5
кировоградская обл,	1,0	1
ачинск	0,2417	8
ялта	0,3656	8
ханты-мансийск	-0,1582	15
ашхабад	0,0889	3
барабинск	-1,0	1
одесская обл,	-0,1843	252
бруклин	0,3675	3
нефтекумск	-1,0	1
александров	-0,4829	22
ильичевск	0,2483	1
аугсбург	-0,3667	1
вятские поляны	1,5	2
палермо	-0,6667	2
ямусукро	0,4	1
воротынск	-0,9444	3
валлетта	0,1	6
солнечный	-0,6178	9
кировск	-0,6	5
лабинск	1,25	2
новая каховка	-0,8455	2
емва	-1,0	1
искитим	-0,0397	13
остров рождества (австр,)	1,0	1
трехгорный	-0,8333	4
троицко-печорск	0,0333	3
торсхавн	0,0333	3
стерлитамак	-0,2604	46
лунинец	-0,3115	14
брейтово	-0,7222	3
сенгилей	-1,0	1
саров	-0,08	5
гюмри	1,0	1
салават	-0,6184	19
ессентуки	-0,6625	2
тирасполь	-0,1249	78
душанбе	-0,7551	7
краков	1,0	1
анадырь	-1,0	1
цимлянск	0,6667	1
великие луки	-0,4903	89
арсеньев	-0,275	8
денвер	-0,7917	6
наманган	0,2	1
бежецк	-0,5	1
ковров	-0,3095	7
армения	-0,5	4
оса	-1,0	1
сергиев посад	-0,1154	51
герцелия	1,0	1
бугульма	-0,3333	3
лесозаводск	-0,3768	46
риека	-0,6	5
наро-фоминск	0,0	4
краматорск	-0,8125	4
славгород	0,0101	36
мурманская обл,	-0,2042	51
пермь	-0,2765	339
дмитров	0,2651	22
апрелевка	-0,6167	4
омаха	-1,0	1
ставрополь	-0,1915	168
смоленск	-0,1729	205
иваново	-0,263	82
бикин	-0,3333	3
бижбуляк	0,1764	6
усть-каменогорск	-0,08	37
ибица	0,1048	7
елгава	-0,2	1
тарту	0,0	2
ветлуга	-0,2481	3
молодечно	-0,05	5
коломыя	0,1333	3
тель-авив	-0,0664	516
алатырь	-1,0	1
бриджтаун	0,24	5
остров мэн	-0,0667	10
брянская обл,	-0,3907	9
назарово	-0,6409	22
зея	-0,1114	5
подольск	-0,2504	100
тбилисская	-0,5079	21
енакиево	0,875	4
дортмунд	-1,0	2
орша	-1,0	1
саянск	-1,0	2
южный фо	-0,3228	154
электросталь	-1,0	3
ст, домодедовская	0,35	2
барселона	0,2792	4
шарджа	1,0	1
йошкар-ола	-0,3166	118
тернопольская обл,	-0,396	1930
ямало-ненецкий ао	-0,2786	7
тернополь	-0,0322	49
стокгольм	0,0697	11
славянск-на-кубани	-0,6933	5
новый оскол	1,0	1
афины	0,75	2
петропавловск (сев,-каз, обл,)	-0,2611	51
видяево	1,0	1
вилейка	-0,9	1
красноуфимск	-0,5637	23
ковель	1,0	1
орел	-0,3021	171
луанда	-0,1333	1
ош	-0,1	9
юрга	0,0	2
дублин	-2,0	1
находка	-0,4342	69
ленинградская обл,	-0,5452	21
прохладный	-0,55	3
белоярский	-1,0	3
свердловск	-0,2687	18
милан	-1,0	1
белокуриха	-0,0889	12
гаага	0,4762	3
лангепас	-0,3343	78
советский	0,0	2
томская обл,	-0,5	4
логойск	-0,4048	7
череповец	-0,0558	42
атланта	-0,3333	3
аруба (нид,)	-1,0	2
копейск	-0,0615	20
бургас	0,3333	3
австрия	-1,0	1
ряжск	-1,0	2
архус	0,425	5
тампере	0,04	1
орловская обл,	0,1033	10
химки	-0,3632	24
женева	-0,217	18
юрюзань	-1,0	1
потсдам	0,5556	3
амстердам	0,0	14
центральный ао	0,3194	6
воркута	-0,6667	4
ожерелье	-0,4225	24
дзержинск	-0,2008	93
томск	-0,2813	99
абинск	0,7867	3
слюдянка	-1,5	2
сморгонь	1,0	1
северск	-0,4939	11
ювяскюля	-0,6714	11
гусев	-1,0	1
калужская обл,	-0,531	14
чернушка	-0,4811	12
чимкент	-0,4249	53
самарская обл,	-0,285	59
черкасская обл,	-0,2263	19
ньюарк	0,1333	3
силистра	0,0	2
витебская обл,	-0,3261	23
темиртау	-0,0915	38
пензенская обл,	-0,2222	8
мичуринск	0,125	4
марсель	-0,1167	5
лукоянов	0,32	5
углич	1,0	1
австралия	-0,3569	24
жуковский	0,0088	17
ливны	-0,4	5
новокуйбышевск	-0,5704	9
червен бряг	-1,0	1
абаза	1,0	1
кондопога	0,4167	8
сахалинская обл,	-1,0	1
львов	-0,1487	53
санта-крус-де-тенерифе	0,16	5
верхняя салда	0,1885	15
зарайск	-1,0	1
майами	0,1111	9
мончегорск	-0,9044	4
бандар-сери-бегаван	-0,25	4
краснотурьинск	-0,0762	14
железногорск-илимский	-2,0	1
нетишин	0,16	5
клинцы	-0,1918	28
крым	-0,1954	29
богданович	-0,3333	2
иерусалим	-0,1708	88
александровск-сахалинский	0,3333	1
серпухов	-0,2096	70
белогорск	-0,1671	15
светловодск	1,5	1
артемовск	-0,2273	11
бельгия	-0,2833	4
волжский	-0,4053	22
вена	0,4857	5
тамбов	-0,2139	108
оха	1,0	1
красноуральск	-0,5	1
бостон	-0,5905	7
сша	-0,1071	2
волгоградская обл,	-0,1167	55
черновцы	-0,2092	29
керчь	-0,1993	23
бабаево	-0,3846	26
веллингтон	-0,6514	14
рязань	-0,2352	149
дальневосточный фо	-0,1286	7
худжанд	-1,0	2
каменка-бугская	0,5	1
кяхта	0,3333	1
туапсе	0,3333	12
григориополь	0,3333	1
кулебаки	-0,1627	17
вичуга	-1,0	1
асака	-0,4	1
слободской	0,5	4
заречный	-1,0	1
лобня	0,0575	16
мадрид	-0,4722	21
белгородская обл,	-0,7731	4
шадринск	-0,2667	4
шумиха	1,0	1
мегион	-0,3333	13
омская обл,	-0,2187	15
зеленогорск	-0,1333	3
новый уренгой	-0,1111	3
ивантеевка	-1,5	2
мантурово	0,0267	6
казань	-0,3979	326
буэнос-айрес	1,0	1
изюм	-0,4687	92
полонное	-1,0	1
амурск	-0,1167	6
кисловодск	-0,1481	9
германия	0,0125	8
ивангород	-1,0	1
япония	-0,6667	6
кумертау	0,1913	13
казахстан	-0,0638	126
климовск	0,125	4
рузаевка	-0,0133	6
красный сулин	-0,0313	8
саки	-1,0	5
орехово-зуево	-0,4346	201
умань	0,5625	8
долгопрудный	-0,6667	6
приволжский фо	-0,3901	155
рига	-0,2695	221
копенгаген	-0,1882	49
минск	-0,2611	330
ровно	-0,4306	24
аркадак	-2,0	1
мариуполь	-0,0811	84
запорожье	-0,1569	247
нефтеюганск	0,0643	7
италия	-0,15	5
южно-сахалинск	-0,1214	7
белая калитва	-1,0	2
биробиджан	-0,1889	36
нюрнберг	-0,1167	16
асмэра	-0,0625	16
ст, сходненская	0,04	1
новая ляля	1,0	1
чегем	-1,5	1
поставы	1,0	1
николаевская обл,	-0,1535	19
кишинев	-0,3784	75
менделеевск	-0,5731	13
удмуртия	-0,3146	9
белосток	-1,0	1
салем	1,0	1
таллин	-0,2894	45
петропавловск-камч,	-0,0806	12
сыктывкар	-0,3466	22
подгорица	-0,5561	4
полярный	-0,2333	2
тверская обл,	0,0	2
горокан	-0,3455	11
кристиансанд	1,0	3
сан-томе и принсипи	-0,175	4
кемь	-0,4	2
житомирская обл,	-0,0438	8
торонто	-0,0238	2
арамиль	-0,25	2
киреевск	0,06	5
ростов-на-дону	-0,3569	1439
пологи	-1,0	1
андорра-ла-велья	1,0	2
тазовский	-0,1808	68
минская обл,	-0,1111	19
северная осетия - алания	-0,1083	4
остров	-0,0167	2
сочи	-0,3872	127
париж	0,1588	9
тараз	-0,0901	18
крымск	-1,0	1
чебаркуль	-0,0067	10
поронайск	-1,0	1
минусинск	-1,0	3
пучеж	0,0696	34
муром	-0,66	5
шостка	-0,4488	9
финляндия	-0,04	10
ванино	-0,2274	65
батайск	-0,088	22
новый шагонар	-0,7	1
моздок	1,0	1
чехов	0,2216	5
зерноград	1,0	2
харцызск	-0,3333	2
заволжье	-0,5833	6
балтийск	-1,0	1
елец	-0,8095	7
бремен	-0,3453	34
новосибирск	-0,2129	798
руза	1,0	1
гагра	1,5	1
данков	0,31	10
ленинградская	-0,48	5
асино	-1,0	1
актюбинск	-0,3095	7
рим	0,1	1
ватикан	0,1078	15
рейкьявик	1,0	1
санкт-августин	-0,0714	3
сиэтл	0,0	4
шуя	-0,7184	8
тихвин	0,0123	27
пущино	0,0	2
кинель	-0,3949	21
рошаль	0,1667	3
новошахтинск	-0,2877	23
новополоцк	-0,5526	27
щербинка	-0,331	3
белово	-0,1073	25
калинковичи	-0,6667	2
салаир	0,0333	3
эльбльонг	-0,1964	7
шилка	-1,0	2
киселевск	0,3333	2
фурманов	0,3333	2
тырныауз	1,0	1
виклоу	-1,0	1
зеленодольск	-0,5407	9
кутаиси	-0,5	1
реутов	-0,5659	41
маврикий	-1,0	1
кулунда	0,2714	2
тихорецк	-0,3333	3
кара-балта	-1,0	1
ялуторовск	-0,0333	15
нея	-0,5	1
тыва	-1,0	1
цюрупинск	-0,5	1
тобольск	-0,0877	28
кувандык	-1,0	1
камышин	-0,4167	10
чулым	0,2143	7
краснодар	-0,1898	283
лесосибирск	-0,1391	14
горнозаводск	-0,8333	2
заполярный	-0,4042	4
литва	-0,2552	305
израиль	-0,2846	13
фрязино	-1,0	1
братск	-0,2026	39
ротенбург	0,0	2
вашингтон	-0,25	2
сеул	-0,3333	1
ташкент	-0,3079	178
магнитогорск	-0,2273	557
дедовск	-0,8	1
гуанчжоу	-1,0	2
оленегорск	1,0	2
меленки	1,0	1
речица	-0,0125	4
винница	-0,0093	9
печоры	2,0	1
камень-на-оби	-0,5556	3
гомельская обл,	1,0	2
оренбургская обл,	-0,2139	12
сумы	-0,283	52
сарапул	0,1667	8
молдова	-0,1411	90
ровенская обл,	-1,0	1
пугачев	-0,0627	21
богородск	-0,2756	42
отрадное	-1,0	1
псков	-0,2563	259
свердловская обл,	-0,2059	108
джалиль	-1,0	1
ухта	-0,1922	11
хараре	-1,0	1
псковская обл,	0,1367	5
рыбинск	-0,5008	64
тольятти	-0,3281	985
печора	1,0	1
карачаево-черкессия	-0,375	2
шумерля	0,0	4
геленджик	-0,3532	64
кировский р-н	-0,6667	2
атырау (гурьев)	-0,1076	3
волковыск	0,08	1
можайск	-0,0725	17
бердичев	-0,44	5
мамоново	-0,3333	3
банги	-1,0	1
краснообск	-0,25	2
дербент	-0,1667	1
рыбница	-0,3207	256
энергодар	-0,1529	23
тула	-0,3875	197
медногорск	-0,6667	2
сива	-1,0	1
щучинск	0,0	2
миасс	-0,2909	11
коркино	-0,6333	15
венгрия	-0,2667	3
джанкой	0,5	4
нижний новгород	-0,223	640
бирск	-0,796	22
чугуев	-0,5	4
урай	0,3944	6
новоаннинский	0,1778	3
алмалык	-0,0556	6
вихоревка	-0,75	1
феодосия	-0,2467	13
шушенское	-0,3333	3
приморский р-н	-0,3	2
владимир	-0,0588	91
верещагино	-0,4	2
турин	-0,2242	3
ижевск	-0,2785	235
вязьма	-1,0	1
симферополь	-0,2162	76
ефремов	-0,6675	19
татарск	-0,3333	9
франция	-0,3333	2
железногорск	-0,2638	10
лидс	-1,0	2
няндома	-0,04	5
славянка	-0,1111	3
выборг	-0,17	10
шатки	-1,0	1
минеральные воды	-0,34	10
бодайбо	1,0	1
киров	-0,3668	147
алексеевка	-0,4625	10
бурятия	-0,575	12
павловский посад	-0,5	4
боровичи	0,3333	3
гонконг	-0,6667	2
азия	0,1394	11
греция	0,5278	3
гурьевск	1,0	1
ступино	-0,0928	36
северобайкальск	-0,3333	2
приозерск	-0,0833	8
грозный	-0,8333	3
луганск	-0,2306	148
энгельс	-0,1303	65
белорецк	-0,0132	9
красновишерск	1,0	1
юго-западный ао	-0,5066	2
измаил	-0,1055	22
кировград	-0,5	4
курск	-0,1878	42
усть-илимск	-0,1667	6
пикалево	-0,1178	20
центральный фо	-0,215	14
цюрих	0,0167	4
картахена	0,3333	1
кампала	1,0	1
абакан	-0,0595	44
кинешма	0,0	2
витебск	-0,2825	21
туймазы	0,2207	40
михайловск	-0,2259	66
апатиты	-0,0593	9
протвино	-0,8222	3
осиповичи	-1,0	1
балхаш	-0,2448	24
бендеры	0,0593	9
анапа	-0,1806	12
выкса	0,1081	15
претория	1,0	1
дегтярск	1,0	1
еманжелинск	-1,0	1
урюпинск	-0,2879	114
щучье	-1,0	1
грязовец	-0,0933	10
хмельницкая обл,	0,2	4
желтые воды	-1,0	1
австралия и океания	0,4286	2
ноттингем	1,0	1
эйлат	1,0	1
нижегородская обл,	-0,2005	131
новозыбков	1,0	1
нижний тагил	-0,1964	91
серов	-0,2818	11
жезказган	-0,4583	4
николаев	-0,0922	47
верхний тагил	-1,0	1
павлоград	-0,0656	104
кузнецк	1,0	2
новоалтайск	-0,875	6
курсавка	-0,3333	1
приморский край	-0,3145	32
саранск	-0,3562	40
спасск-дальний	-0,0091	11
верхний уфалей	-0,3333	1
ангарск	-0,1132	18
холмск	0,3333	1
александрия	1,0	1
шахты	-0,2222	15
волгодонск	-0,2047	72
димитровград	-0,6852	3
триполи	-1,1667	3
миллерово	0,625	2
вест-голливуд	-0,3111	3
гусиноозерск	-0,425	4
западная двина	-1,0	1
ирбит	0,4	1
кременчуг	-0,2566	132
волжск	-0,4074	9
нижняя тура	-0,2164	10
байконур	-1,0	1
чернигов	-0,1222	59
нерюнгри	-0,875	4
ловеч	-0,2369	75
сурск	-0,2857	1
пенза	-0,3604	476
коростень	-0,25	2
черемхово	-0,1857	7
олонец	-1,0	1
объединенные арабские эмираты	-0,5	4
виареджио	0,15	4
бердянск	-0,2288	34
джалал-абад	1,0	1
нягань	-0,4858	9
чайковский	0,3662	59
чечня	1,5	1
даугавпилс	-0,3814	10
новотроицк	-0,3444	185
азербайджан	0,5556	3
калуга	-0,3022	87
черноголовка	1,0	1
киевская обл,	0,0918	11
балашов	-1,0	1
тюменская обл,	-0,1777	40
ивано-франковская обл,	-0,1267	10
тамбовская обл,	0,5375	4
южноукраинск	-1,0	1
березники	-0,4723	67
учалы	1,0	2
жирновск	-0,3333	3
запорожская обл,	0,4157	36
московская обл,	-0,1523	228
нелидово	-0,3185	26
голицыно	-1,0	2
гусь-хрустальный	-0,1676	18
семипалатинск	0,1257	25
архангельск	-0,1863	48
волчанск	-0,375	4
большой камень	-0,225	2
салоники	-0,2667	5
торез	-0,2693	25
муравленко	-1,0	1
вознесенск	-1,0844	3
валка	-0,8	2
гатчина	-0,4	5
павлодар	-0,2311	31
черкассы	-0,3622	26
россошь	1,0	1
штутгарт	-0,125	2
котовск	-0,4148	9
вильнюс	-0,3666	97
могилевская обл,	0,0657	10
окуловка	0,0	2
нальчик	0,057	40
никополь	-0,3868	24
камышлов	-0,56	2
петушки	-1,0	2
ртищево	0,08	1
г, зеленоград	1,0	1
горловка	-0,6021	21
дубна	-0,5237	6
качканар	-0,7267	5
братислава	-0,2381	7
антверпен	0,25	2
монреаль	-0,3742	22
михайловка	-1,0	1
великобритания	-1,1111	3
краснодарский край	-0,1152	48
луганская обл,	-0,3095	9
струнино	0,4074	6
владимирская обл,	-0,2142	31
мурманск	-0,3692	137
камызяк	0,0	4
борисов	-0,1678	19
талдом	-1,0	3
сокол	0,0	2
лас-вегас	0,57	3
амурская обл,	0,0042	8
беслан	1,0	1
киренск	-0,4	1
новогрудок	-0,66	2
гомель	-0,3215	109
буденновск	-0,15	2
мценск	-0,2444	3
хельсинки	0,8333	3
белая церковь	-0,2111	9
волынская обл,	-1,0	1
борисоглебск	-0,516	5
аделаида	-0,5	2
талгар	-0,4267	10
бристоль	-0,7746	7
бухара	0,35	2
лубны	-0,3333	1
пятигорск	-0,2616	28
каменец-подольский	-1,0	1
курская обл,	-0,0167	4
скопин	-1,0	1
кызыл	-0,2883	303
карабаново	0,0	2
новочеркасск	-0,4	5
узбекистан	-0,0769	13
сызрань	-0,3621	22
тутаев	-0,4	2
аштарак	0,0	2
дамаск	0,2148	3
кириши	0,25	1
горно-алтайск	0,0219	55
липовец	-0,6	2
башкортостан	-0,2987	437
колпашево	0,0	2
елизово	1,0	1
сортавала	-0,4679	14
воронежская обл,	-0,3658	74
астраханская обл,	-0,0476	7
южноуральск	0,0125	4
рефтинский	0,1083	5
армавир	0,1154	52
могилев	0,1533	15
воткинск	0,1667	6
полоцк	-0,1323	57
омск	-0,3738	1108
сретенск	-1,0	1
майкоп	-0,4217	10
северная ирландия	-0,2847	12
городок	1,0	1
батуми	-0,4333	3
новодвинск	0,0667	10
воскресенск	-0,5762	20
невинномысск	-0,4667	9
березовский	-0,0898	32
кривой рог	-0,3729	146
лусака	-0,4	1
клин	0,0814	16
курганская обл,	-0,15	13
курагино	1,0	1
таганрог	-0,1917	57
черновицкая обл,	0,8	2
закарпатская обл,	0,0	4
сосногорск	-1,0	1
орлеан	-0,4	2
острова кука (н,зел,)	0,0	2
галич	-0,3333	3
россия	-0,191	900
улан-удэ	-0,2096	116
беларусь	-0,3472	139
ирпень	-1,0	1
краснокамск	-1,0	3
невьянск	-0,5	4
белебей	-0,4795	13
жодино	0,1715	6
духовщина	-0,2596	13
лянтор	-1,0	1
заринск	0,6933	5
кингсвилл	-1,0	1
тейково	-1,0	1
чапаевск	-0,037	9
чукотский ао	-1,0	1
ромны	-1,0	1
уральский фо	0,1803	36
балабаново	-0,5167	2
тотьма	-0,4167	3
морозовск	1,0	1
фролово	1,0	1
тонбридж	-0,75	2
пушкин	-0,3468	12
махачкала	-0,0427	25
алжир	-0,6	6
котельниково	-1,0	1
моршанск	0,0	2
золотурн	-1,0	3
дружковка	1,0	1
сорочинск	1,0	2
ярославская обл,	-0,1567	29
орджоникидзе	-0,0625	8
днепропетровская обл,	-0,342	46
испания	-0,2768	14
пекин	-1,0	1
ульяновская обл,	-1,0536	4
бакал	-1,0	1
восточно-казахстанская область	1,0	1
кингисепп	-0,0333	6
озеры	-1,0	1
константиновка	1,0	1
могоча	-0,3333	3
истра	-0,1559	10
лабытнанги	-0,3333	1
воложин	-0,1417	2
новочебоксарск	0,0286	7
бишкек	-1,0	1
николаевка	0,4	1
чебоксары	-0,3312	81
кентербери	-0,35	4
переяслав-хмельницкий	-0,6667	2
донецкая обл,	-0,3279	52
силламяэ	-0,3583	8
глазов	0,24	5
бережаны	-1,0	1
шпицберген	-1,0	2
обнинск	-0,0216	21
аргентина	-1,0	1
советская гавань	-1,0	2
осташков	-0,5	1
гулькевичи	-0,4611	9
санто-доминго	0,0	2
ясный	-1,0	2
кировская обл,	-0,3358	83
украина	-0,1905	943
франкфурт-на-майне	0,0	2
бровары	-0,6667	6
рустави	-1,0	1
туринск	-0,3333	3
усолье-сибирское	0,0	4
слуцк	-0,8125	4
прага	-0,6	3
ужгород	0,1907	5
стаханов	-0,2027	21
ханты-мансийский ао - югра	-0,3503	76
петровск	0,1667	4
америка	1,0	1
зима	-0,0714	7
камбарка	0,7	1
лиепая	1,0	2
дагестан	-0,4	2
владивосток	-0,3073	474
нязепетровск	0,25	2
лос-анджелес	-0,0594	18
грузия	-1,125	4
бийск	-0,1882	16
смоленская обл,	-0,5922	6
вязники	1,0	2
королев	-0,3137	63
актау	-1,0	1
лиман	1,0	1
мариинск	-0,1333	1
сатинка	1,0	1
лысково	-1,0	1
элиста	0,328	5
елабуга	0,576	5
канск	-1,0	1
васильков	-1,0	4
вольск	-0,2796	90
мыски	-0,6	1
салехард	-0,0238	7
гилфорд	-0,7	2
железнодорожный	-0,0221	11
ивано-франковск	-0,171	19
сердобск	0,5	4
арзамас	0,1111	6
кировоград	-0,1212	22
барановичи	-0,6833	3
джизак	1,0	1
капчагай	-0,5556	3
чита	-0,1733	93
мерефа	1,0	1
гавана	-0,6667	1
ноябрьск	-0,3014	21
кокосовые острова (австр,)	-0,7	2
кропоткин	-0,4	7
беэр-шева	0,0	2
комсомольск	-0,0152	3
ишим	0,3025	20
ереван	-0,175	15
орск	0,1389	12
астрахань	-0,3468	109
ришон ле цион	-0,8519	3
владикавказ	-0,1433	62
костомукша	-0,2417	6
санкт-петербург	-0,2813	1633

